order central_wave (beg-end)    Eff.    object     snr      snr         sat 
          (um)                         (e-/pxl)  (ph/pxl) (ph/res elem) (%) 
# 149  977.93 ( 970.94- 983.42) 0.008 8.35248e+02  22.5     45.7          0 
# 148  984.54 ( 977.50- 990.07) 0.010 1.00383e+03  27.7     56.6          0 
# 147  991.24 ( 984.15- 996.81) 0.011 1.03347e+03  28.8     59.0          0 
# 146  998.03 ( 990.88-1003.64) 0.011 1.09012e+03  29.6     60.5          0 
# 145 1004.92 ( 997.72-1010.57) 0.011 1.13884e+03  30.4     62.0          0 
# 144 1011.90 (1004.64-1017.59) 0.011 1.19295e+03  31.2     63.5          0 
# 143 1018.97 (1011.66-1024.71) 0.012 1.25447e+03  32.1     65.3          0 
# 142 1026.15 (1018.79-1031.92) 0.012 1.32684e+03  33.1     67.2          0 
# 141 1033.43 (1026.01-1039.25) 0.013 1.37214e+03  33.9     68.6          0 
# 140 1040.81 (1033.34-1046.67) 0.013 1.49750e+03  35.5     71.7          0 
# 139 1048.30 (1040.77-1054.20) 0.014 1.59059e+03  36.7     74.1          0 
# 138 1055.90 (1048.32-1061.85) 0.015 1.66824e+03  37.8     76.0          0 
# 137 1063.60 (1055.97-1069.60) 0.015 1.76177e+03  39.0     78.3          0 
# 136 1071.42 (1063.73-1077.46) 0.016 1.87198e+03  40.3     80.8          0 
# 135 1079.36 (1071.61-1085.44) 0.017 1.97861e+03  41.5     83.2          0 
# 134 1087.42 (1079.61-1093.55) 0.017 2.04662e+03  42.3     84.7          0 
# 133 1095.59 (1087.73-1101.77) 0.017 2.10921e+03  43.0     86.0          0 
# 132 1103.89 (1095.97-1110.12) 0.018 2.09676e+03  42.9     85.8          0 
# 131 1112.32 (1104.34-1118.59) 0.015 1.85513e+03  39.0     78.4          0 
# 130 1120.88 (1112.84-1127.19) 0.012 1.39531e+03  31.7     64.1          0 
# 129 1129.57 (1121.47-1135.93) 0.012 1.41922e+03  31.0     62.7          0 
# 128 1138.39 (1130.23-1144.80) 0.014 1.64901e+03  35.4     71.2          0 
# 127 1147.35 (1139.13-1153.82) 0.014 1.74385e+03  36.9     74.2          0 
# 126 1156.46 (1148.18-1162.97) 0.017 2.17038e+03  42.6     85.1          0 
# 125 1165.71 (1157.37-1172.28) 0.021 2.56877e+03  47.8     95.1          0 
# 124 1175.11 (1166.70-1181.73) 0.021 2.66939e+03  49.0     97.4          0 
# 123 1184.67 (1176.19-1191.33) 0.022 2.73488e+03  49.6     98.6          0 
# 122 1194.38 (1185.84-1201.10) 0.023 2.91228e+03  51.4    102.1          0 
# 121 1204.25 (1195.64-1211.02) 0.023 3.00694e+03  52.4    103.9          0 
# 120 1214.28 (1205.61-1221.11) 0.024 3.18698e+03  54.1    107.2          0 
# 119 1224.49 (1215.75-1231.37) 0.025 3.33462e+03  55.5    109.8          0 
# 118 1234.86 (1226.06-1241.80) 0.026 3.42763e+03  56.2    111.3          0 
# 117 1245.42 (1236.54-1252.41) 0.027 3.60216e+03  58.0    114.7          0 
# 116 1256.15 (1247.20-1263.20) 0.026 3.55066e+03  57.4    113.5          0 
# 115 1267.07 (1258.06-1273.75) 0.025 3.33515e+03  55.5    109.9          0 
# 114 1278.19 (1269.10-1285.36) 0.027 3.65552e+03  58.3    115.2          0 
# 113 1289.50 (1280.34-1296.73) 0.028 3.88509e+03  60.3    119.1          0 
# 112 1301.01 (1291.77-1308.30) 0.028 3.93952e+03  60.6    119.8          0 
# 111 1312.73 (1303.42-1320.08) 0.027 3.73635e+03  58.7    116.1          0 
# 110 1324.66 (1315.27-1332.08) 0.026 3.65957e+03  57.4    113.6          0 
# 109 1336.82 (1327.35-1344.29) 0.024 3.06558e+03  51.4    102.1          0 
# 108 1349.19 (1339.64-1356.74) 0.013 1.69581e+03  32.3     64.9          0 
# 107 1361.80 (1352.17-1369.41) 0.002 2.00133e+02   7.2     15.7          0 
# 106 1374.65 (1364.94-1385.07) 0.001 8.46733e+01   3.9      9.0          0 
# 104 1401.08 (1391.20-1408.89) 0.004 4.88060e+02  12.8     26.8          0 
# 103 1414.68 (1404.72-1422.57) 0.008 9.22128e+02  22.0     44.9          0 
# 102 1428.55 (1418.50-1436.51) 0.012 1.43349e+03  30.4     61.4          0 
# 101 1442.69 (1432.55-1450.72) 0.015 1.90248e+03  36.7     73.5          0 
# 100 1457.12 (1446.88-1465.22) 0.022 2.80515e+03  47.8     95.0          0 
#  99 1471.84 (1461.51-1480.02) 0.021 2.63459e+03  46.0     91.4          0 
#  98 1486.86 (1476.43-1495.11) 0.027 3.32863e+03  54.0    106.9          0 
#  97 1502.18 (1491.66-1510.52) 0.032 4.10881e+03  62.1    122.5          0 
#  96 1517.83 (1507.21-1526.25) 0.035 4.57942e+03  66.1    130.2          0 
#  95 1533.81 (1523.08-1542.30) 0.037 4.83483e+03  68.0    133.9          0 
#  94 1550.12 (1539.30-1558.70) 0.038 4.93191e+03  68.7    135.3          0 
#  93 1566.79 (1555.86-1575.46) 0.037 4.98392e+03  69.0    135.9          0 
#  92 1583.82 (1572.78-1592.57) 0.038 5.23399e+03  70.8    139.4          0 
#  91 1601.22 (1590.07-1610.07) 0.039 5.39395e+03  71.9    141.5          0 
#  90 1618.90 (1607.64-1627.84) 0.040 5.65881e+03  73.7    145.0          0 
#  89 1637.20 (1625.83-1646.23) 0.041 5.93787e+03  75.6    148.7          0 
#  88 1655.80 (1644.31-1664.93) 0.042 6.12009e+03  76.8    151.0          0 
#  87 1674.83 (1663.22-1684.06) 0.043 6.32078e+03  78.2    153.6          0 
#  86 1694.31 (1682.57-1703.63) 0.043 6.35033e+03  78.2    153.7          0 
#  85 1714.24 (1702.38-1723.66) 0.043 6.01252e+03  76.0    149.3          0 
#  84 1734.64 (1722.66-1744.17) 0.041 5.63237e+03  73.3    144.2          0 
#  83 1755.54 (1743.43-1765.18) 0.040 5.24311e+03  70.5    138.8          0 
#  82 1776.95 (1764.70-1786.69) 0.035 4.29008e+03  62.3    122.9          0 
#  81 1798.88 (1786.50-1808.74) 0.024 2.81599e+03  46.4     92.2          0 
#  80 1821.37 (1808.84-1831.34) 0.000 0.00000e+00   0.0      0.0          0 
